0.000000000000000000e+00 0.000000000000000000e+00 0.000000000000000000e+00 0.000000000000000000e+00 0.000000000000000000e+00 0.000000000000000000e+00 0.000000000000000000e+00 0.000000000000000000e+00 0.000000000000000000e+00 0.000000000000000000e+00 0.000000000000000000e+00 0.000000000000000000e+00 0.000000000000000000e+00 0.000000000000000000e+00 0.000000000000000000e+00 0.000000000000000000e+00 0.000000000000000000e+00 0.000000000000000000e+00 0.000000000000000000e+00 0.000000000000000000e+00 0.000000000000000000e+00 0.000000000000000000e+00 0.000000000000000000e+00 0.000000000000000000e+00 0.000000000000000000e+00 0.000000000000000000e+00 0.000000000000000000e+00 0.000000000000000000e+00 0.000000000000000000e+00 0.000000000000000000e+00 0.000000000000000000e+00 0.000000000000000000e+00 0.000000000000000000e+00 0.000000000000000000e+00 0.000000000000000000e+00 0.000000000000000000e+00 0.000000000000000000e+00 0.000000000000000000e+00 0.000000000000000000e+00 0.000000000000000000e+00 0.000000000000000000e+00 0.000000000000000000e+00 0.000000000000000000e+00 0.000000000000000000e+00 0.000000000000000000e+00 0.000000000000000000e+00 0.000000000000000000e+00 0.000000000000000000e+00 0.000000000000000000e+00 0.000000000000000000e+00
0.000000000000000000e+00 7.603458095610763669e-03 1.234309707899932717e-10 0.000000000000000000e+00 7.737691859797787145e-06 0.000000000000000000e+00 1.942931127159729668e-06 3.465503252744159148e-06 6.877589792751623201e-07 0.000000000000000000e+00 1.034215702551937955e-05 4.977684070388986145e-06 1.866115488507267361e-06 0.000000000000000000e+00 0.000000000000000000e+00 0.000000000000000000e+00 7.877760873943742971e-06 8.933308090490271140e-06 0.000000000000000000e+00 8.414218707132849537e-06 0.000000000000000000e+00 0.000000000000000000e+00 2.355161515401167309e-11 4.564091993636858793e-06 1.329610442336587938e-06 2.384611734271955774e-05 2.671374488844126194e-07 7.497684022571646521e-06 0.000000000000000000e+00 0.000000000000000000e+00 0.000000000000000000e+00 0.000000000000000000e+00 0.000000000000000000e+00 4.872316385295326043e-05 0.000000000000000000e+00 0.000000000000000000e+00 0.000000000000000000e+00 0.000000000000000000e+00 0.000000000000000000e+00 0.000000000000000000e+00 0.000000000000000000e+00 0.000000000000000000e+00 0.000000000000000000e+00 0.000000000000000000e+00 0.000000000000000000e+00 0.000000000000000000e+00 0.000000000000000000e+00 0.000000000000000000e+00 0.000000000000000000e+00 0.000000000000000000e+00
0.000000000000000000e+00 1.234309707899932717e-10 7.719015353166955827e-03 0.000000000000000000e+00 1.013389125124936078e-05 0.000000000000000000e+00 1.019296977332047948e-07 5.763978902156657171e-06 1.300820710815198755e-06 0.000000000000000000e+00 1.254797471499054102e-05 4.418135853568877948e-06 1.845284141160014798e-06 0.000000000000000000e+00 0.000000000000000000e+00 0.000000000000000000e+00 8.266098558143505592e-06 1.151145174849603659e-05 3.266412360076383204e-08 8.859304173760172078e-06 0.000000000000000000e+00 0.000000000000000000e+00 4.543243953910514106e-08 2.256727494451825930e-06 3.340488546397284065e-06 1.272463362597403495e-05 1.056190558431609869e-05 7.347543687268849246e-06 0.000000000000000000e+00 0.000000000000000000e+00 0.000000000000000000e+00 0.000000000000000000e+00 0.000000000000000000e+00 4.951981471479719056e-05 0.000000000000000000e+00 0.000000000000000000e+00 0.000000000000000000e+00 0.000000000000000000e+00 0.000000000000000000e+00 0.000000000000000000e+00 0.000000000000000000e+00 0.000000000000000000e+00 0.000000000000000000e+00 0.000000000000000000e+00 0.000000000000000000e+00 0.000000000000000000e+00 0.000000000000000000e+00 0.000000000000000000e+00 0.000000000000000000e+00 0.000000000000000000e+00
0.000000000000000000e+00 0.000000000000000000e+00 0.000000000000000000e+00 1.778994065404142233e-02 1.204862709151241543e-09 1.191451226160605327e-05 3.694183609839537673e-05 4.242672845317393108e-05 7.491860861888238571e-07 4.810113083152526954e-06 3.191629569000976706e-05 2.643688954779115289e-05 3.799476892596631196e-06 0.000000000000000000e+00 0.000000000000000000e+00 0.000000000000000000e+00 2.693308820919058030e-05 2.808851510898506442e-05 7.272091586383124841e-06 3.511226107640329940e-05 0.000000000000000000e+00 0.000000000000000000e+00 3.800112543679323937e-07 2.867004606164907463e-05 1.060168181322998856e-05 1.363495061841430384e-06 7.590789708036790623e-05 1.788349060451025537e-05 1.754236728099622410e-05 0.000000000000000000e+00 0.000000000000000000e+00 0.000000000000000000e+00 4.740329666897355340e-05 8.241917646604252805e-05 0.000000000000000000e+00 0.000000000000000000e+00 0.000000000000000000e+00 0.000000000000000000e+00 0.000000000000000000e+00 0.000000000000000000e+00 0.000000000000000000e+00 0.000000000000000000e+00 0.000000000000000000e+00 0.000000000000000000e+00 0.000000000000000000e+00 0.000000000000000000e+00 0.000000000000000000e+00 0.000000000000000000e+00 0.000000000000000000e+00 0.000000000000000000e+00
0.000000000000000000e+00 7.737691859797787145e-06 1.013389125124936078e-05 1.204862709151241543e-09 2.595298193466286443e-02 2.856480345716219392e-05 4.141550399017483649e-07 6.180370423131598036e-05 6.293037143845374762e-05 4.180821861178805876e-05 6.985578344299088905e-05 3.854425697184168253e-05 1.859905929668736818e-05 0.000000000000000000e+00 0.000000000000000000e+00 0.000000000000000000e+00 3.252444593521107565e-05 6.143958009185064584e-05 4.000273761200412372e-05 4.112293683011261446e-05 0.000000000000000000e+00 0.000000000000000000e+00 3.575148018105275388e-05 2.824346868060024034e-05 1.625778619699473084e-05 1.522985276647179105e-05 8.421392413219682088e-05 1.754907775443714674e-05 4.520887578103839963e-05 0.000000000000000000e+00 0.000000000000000000e+00 0.000000000000000000e+00 1.814702942215390142e-04 2.078348344619195421e-05 0.000000000000000000e+00 0.000000000000000000e+00 0.000000000000000000e+00 0.000000000000000000e+00 0.000000000000000000e+00 0.000000000000000000e+00 0.000000000000000000e+00 0.000000000000000000e+00 0.000000000000000000e+00 0.000000000000000000e+00 0.000000000000000000e+00 0.000000000000000000e+00 0.000000000000000000e+00 0.000000000000000000e+00 0.000000000000000000e+00 0.000000000000000000e+00
0.000000000000000000e+00 0.000000000000000000e+00 0.000000000000000000e+00 1.191451226160605327e-05 2.856480345716219392e-05 1.361461439571123172e-02 4.213924318746495475e-05 1.188419075106348732e-04 1.444209503040850127e-05 1.798423679377579424e-04 1.693945703984591356e-04 7.738558497982890529e-05 9.972406918027127581e-05 4.036085267013894955e-06 9.678432781789187122e-07 7.513595135009990941e-06 5.050178558622304314e-05 1.016332418601145716e-04 9.225973102732690082e-05 8.890629200808827456e-05 0.000000000000000000e+00 0.000000000000000000e+00 1.043003712026007763e-04 3.631234228536876383e-05 2.990491535192594006e-05 1.367164784241033771e-05 1.366592360244854858e-04 1.065664160817404316e-05 3.607233863569006912e-05 4.668010719315948004e-05 0.000000000000000000e+00 5.027137043554815560e-05 1.758558669899548340e-04 8.506390514318344301e-06 0.000000000000000000e+00 0.000000000000000000e+00 0.000000000000000000e+00 0.000000000000000000e+00 0.000000000000000000e+00 0.000000000000000000e+00 0.000000000000000000e+00 0.000000000000000000e+00 0.000000000000000000e+00 0.000000000000000000e+00 0.000000000000000000e+00 0.000000000000000000e+00 0.000000000000000000e+00 0.000000000000000000e+00 0.000000000000000000e+00 0.000000000000000000e+00
0.000000000000000000e+00 1.942931127159729668e-06 1.019296977332047948e-07 3.694183609839537673e-05 4.141550399017483649e-07 4.213924318746495475e-05 8.726606023509657362e-03 2.175307344237022047e-04 6.420556587279157657e-05 2.822954864119000770e-04 3.426511378114064613e-04 1.925063906005623684e-04 2.026526787050277772e-04 1.414527459793091138e-04 7.206786995200043473e-06 1.301198773289903152e-05 1.023936007576613575e-04 1.705243054059738894e-04 2.425256486617873963e-04 1.223833849226979066e-04 2.567164743744527507e-05 0.000000000000000000e+00 2.649408465109951653e-04 3.918023711778668310e-05 6.659553226014456413e-05 5.827069045686108801e-05 1.818020910326031731e-04 1.507682006833013169e-05 2.977445453773451802e-05 5.740090071237673278e-05 1.029743191941501223e-04 1.451857228773882245e-04 7.810441224613499781e-05 2.173682590272468934e-05 0.000000000000000000e+00 0.000000000000000000e+00 0.000000000000000000e+00 0.000000000000000000e+00 0.000000000000000000e+00 0.000000000000000000e+00 0.000000000000000000e+00 0.000000000000000000e+00 0.000000000000000000e+00 0.000000000000000000e+00 0.000000000000000000e+00 0.000000000000000000e+00 0.000000000000000000e+00 0.000000000000000000e+00 0.000000000000000000e+00 0.000000000000000000e+00
0.000000000000000000e+00 3.465503252744159148e-06 5.763978902156657171e-06 4.242672845317393786e-05 6.180370423131598036e-05 1.188419075106348732e-04 2.175307344237022047e-04 9.818878237832426997e-03 4.271942141485230143e-04 1.157758382510527644e-03 1.151716080728262294e-03 8.598174944051210347e-04 8.713611270099438704e-04 5.961307045719747106e-04 1.482006495386782661e-04 1.309435098354443528e-04 2.706603276763121777e-04 5.414268705214281795e-04 4.537842828891970842e-04 1.269303733926320597e-04 5.705229647238552280e-05 1.665907482036039136e-05 6.043781656862976144e-04 2.544265184510285612e-04 2.970237233085619628e-04 1.014224709693628394e-04 2.134932244540215689e-04 5.039634512996634378e-05 4.877667568163851741e-05 1.182702284075835955e-04 2.858280196869928281e-04 3.027839096319721673e-04 5.401408795126437604e-05 1.116104569166103488e-05 0.000000000000000000e+00 0.000000000000000000e+00 0.000000000000000000e+00 0.000000000000000000e+00 0.000000000000000000e+00 0.000000000000000000e+00 0.000000000000000000e+00 0.000000000000000000e+00 0.000000000000000000e+00 0.000000000000000000e+00 0.000000000000000000e+00 0.000000000000000000e+00 0.000000000000000000e+00 0.000000000000000000e+00 0.000000000000000000e+00 0.000000000000000000e+00
0.000000000000000000e+00 6.877589792751623201e-07 1.300820710815198755e-06 7.491860861888238571e-07 6.293037143845374762e-05 1.444209503040850127e-05 6.420556587279157657e-05 4.271942141485230143e-04 7.006315523086348480e-03 6.204807980520522532e-04 5.220304376253745654e-04 2.693582949527824994e-04 3.032312999177447167e-04 3.210793853051184792e-04 2.649310856515192311e-04 7.267512883837720032e-05 5.074479382739074441e-05 2.968442720810319591e-04 1.302433417798858528e-04 7.796601586298610093e-05 3.464450717703219251e-05 1.341605551254011453e-05 1.708771260458299393e-04 1.060029602220797113e-04 1.172806316109680646e-04 5.301343600585755282e-05 1.468681999087505003e-04 4.677175975345120853e-05 7.501196410758585688e-05 8.257608604007345273e-05 1.152428490699287781e-04 2.300042499933230690e-04 2.470619246129154454e-04 5.464097543985272112e-06 0.000000000000000000e+00 0.000000000000000000e+00 0.000000000000000000e+00 0.000000000000000000e+00 0.000000000000000000e+00 0.000000000000000000e+00 0.000000000000000000e+00 0.000000000000000000e+00 0.000000000000000000e+00 0.000000000000000000e+00 0.000000000000000000e+00 0.000000000000000000e+00 0.000000000000000000e+00 0.000000000000000000e+00 0.000000000000000000e+00 0.000000000000000000e+00
0.000000000000000000e+00 0.000000000000000000e+00 0.000000000000000000e+00 4.810113083152526954e-06 4.180821861178805876e-05 1.798423679377579424e-04 2.822954864119000770e-04 1.157758382510527644e-03 6.204807980520522532e-04 4.644382629251142362e-03 1.235649347796004358e-03 6.244391317618867366e-04 5.564770535163185384e-04 3.271716606454740518e-04 8.348063131401020404e-05 3.208253362870000698e-05 6.666524516625639573e-05 1.688885268556947997e-04 2.889449068181901628e-04 1.743806718030083993e-04 2.212204249633449089e-05 1.140030048442986879e-05 8.554064640376690372e-04 2.275807461386410927e-04 2.750371808070458789e-04 3.373170024368112876e-04 5.046324245459380938e-04 2.106653840187279665e-04 8.473402744663027417e-05 1.533794076201649807e-04 2.942743820788077422e-04 1.856062511733548451e-04 2.034418087903632475e-04 1.308978908262968812e-05 0.000000000000000000e+00 0.000000000000000000e+00 0.000000000000000000e+00 0.000000000000000000e+00 0.000000000000000000e+00 0.000000000000000000e+00 0.000000000000000000e+00 0.000000000000000000e+00 0.000000000000000000e+00 0.000000000000000000e+00 0.000000000000000000e+00 0.000000000000000000e+00 0.000000000000000000e+00 0.000000000000000000e+00 0.000000000000000000e+00 0.000000000000000000e+00
0.000000000000000000e+00 1.034215702551937955e-05 1.254797471499054102e-05 3.191629569000976706e-05 6.985578344299088905e-05 1.693945703984592170e-04 3.426511378114064613e-04 1.151716080728262511e-03 5.220304376253745654e-04 1.235649347796004358e-03 8.390581926948467023e-03 1.161129003983705187e-03 8.739315295751652873e-04 3.069844068328151038e-04 1.083776925748713093e-04 1.236377083775558990e-05 8.339716340949051654e-05 1.895428391659048238e-04 3.374381540969931042e-04 2.538784834282780648e-04 3.669489115061383742e-05 4.935015175648894857e-06 1.237176290723132404e-03 5.471091789219825318e-04 4.987767325739970526e-04 1.050143448163257283e-04 6.803268216649991469e-04 1.870854455199229575e-04 1.177857459812029146e-04 1.500505830639983296e-04 9.659613635828998338e-05 1.635369697176721154e-04 2.041290808122056381e-04 3.990250842235232656e-05 0.000000000000000000e+00 0.000000000000000000e+00 0.000000000000000000e+00 0.000000000000000000e+00 0.000000000000000000e+00 0.000000000000000000e+00 0.000000000000000000e+00 0.000000000000000000e+00 0.000000000000000000e+00 0.000000000000000000e+00 0.000000000000000000e+00 0.000000000000000000e+00 0.000000000000000000e+00 0.000000000000000000e+00 0.000000000000000000e+00 0.000000000000000000e+00
0.000000000000000000e+00 4.977684070388986145e-06 4.418135853568877948e-06 2.643688954779115289e-05 3.854425697184168253e-05 7.738558497982890529e-05 1.925063906005623413e-04 8.598174944051210347e-04 2.693582949527824994e-04 6.244391317618867366e-04 1.161129003983705187e-03 6.743062561646181140e-03 6.070334036504989716e-04 4.128551828657971070e-04 1.079899516514401314e-04 3.836218144303876849e-06 6.136976820950324092e-05 1.261813052631621638e-04 2.627753464683673735e-04 1.148383559974981369e-04 1.021182919396053337e-05 5.754196253211223298e-07 1.047689258048597333e-03 4.774061764482648968e-04 4.655547061205102840e-04 7.008919238390980036e-05 2.293417478924359549e-04 6.402972344219232104e-05 2.170103971478184134e-04 6.191339711138289553e-05 4.358220528639654185e-05 9.169378864800154991e-05 9.091033867417303829e-05 1.923338116684491031e-05 0.000000000000000000e+00 0.000000000000000000e+00 0.000000000000000000e+00 0.000000000000000000e+00 0.000000000000000000e+00 0.000000000000000000e+00 0.000000000000000000e+00 0.000000000000000000e+00 0.000000000000000000e+00 0.000000000000000000e+00 0.000000000000000000e+00 0.000000000000000000e+00 0.000000000000000000e+00 0.000000000000000000e+00 0.000000000000000000e+00 0.000000000000000000e+00
0.000000000000000000e+00 1.866115488507267361e-06 1.845284141160014798e-06 3.799476892596631196e-06 1.859905929668736818e-05 9.972406918027127581e-05 2.026526787050276959e-04 8.713611270099438704e-04 3.032312999177447167e-04 5.564770535163185384e-04 8.739315295751652873e-04 6.070334036504989716e-04 4.549960049127600020e-03 4.610533918587145902e-04 4.489874420843760808e-05 4.266635766486027466e-05 7.352694843307736852e-05 2.313558586923972812e-04 4.840844408852095480e-04 1.272381846611888776e-04 1.042644827709011364e-05 1.741166129327254362e-06 7.828955694027647707e-04 5.363653901688023419e-04 6.182527693343483049e-04 1.563001762735358386e-04 3.112707507922101336e-04 1.818340466760786931e-05 6.298534808160957752e-05 1.036818877299819846e-04 9.337399728999317046e-05 9.928726521832931327e-05 4.936935056548172167e-05 1.633398368896881800e-06 0.000000000000000000e+00 0.000000000000000000e+00 0.000000000000000000e+00 0.000000000000000000e+00 0.000000000000000000e+00 0.000000000000000000e+00 0.000000000000000000e+00 0.000000000000000000e+00 0.000000000000000000e+00 0.000000000000000000e+00 0.000000000000000000e+00 0.000000000000000000e+00 0.000000000000000000e+00 0.000000000000000000e+00 0.000000000000000000e+00 0.000000000000000000e+00
0.000000000000000000e+00 0.000000000000000000e+00 0.000000000000000000e+00 0.000000000000000000e+00 0.000000000000000000e+00 4.036085267013894955e-06 1.414527459793091138e-04 5.961307045719747106e-04 3.210793853051184792e-04 3.271716606454739434e-04 3.069844068328151038e-04 4.128551828657971070e-04 4.610533918587145902e-04 3.935516822246404658e-03 1.903947242205980360e-05 1.862640590627869598e-05 6.089270619407037658e-05 1.710606890430737431e-04 4.048215448400613922e-04 5.078251943475766035e-05 3.023170845894890447e-05 2.277654110510084932e-06 1.650150431568392590e-04 6.648644987243223473e-05 4.275472019277550798e-04 1.467626837469556897e-04 1.552459255047767747e-04 2.083351604498667549e-05 4.588992401848373767e-05 5.604639878951707280e-05 1.181573312478759988e-04 6.480031565885074560e-05 1.601001567711362358e-05 0.000000000000000000e+00 0.000000000000000000e+00 0.000000000000000000e+00 0.000000000000000000e+00 0.000000000000000000e+00 0.000000000000000000e+00 0.000000000000000000e+00 0.000000000000000000e+00 0.000000000000000000e+00 0.000000000000000000e+00 0.000000000000000000e+00 0.000000000000000000e+00 0.000000000000000000e+00 0.000000000000000000e+00 0.000000000000000000e+00 0.000000000000000000e+00 0.000000000000000000e+00
0.000000000000000000e+00 0.000000000000000000e+00 0.000000000000000000e+00 0.000000000000000000e+00 0.000000000000000000e+00 9.678432781789187122e-07 7.206786995200043473e-06 1.482006495386782661e-04 2.649310856515192311e-04 8.348063131401020404e-05 1.083776925748713093e-04 1.079899516514401314e-04 4.489874420843760808e-05 1.903947242205980360e-05 1.267231772749359249e-03 7.584205415262562433e-06 3.977686642123939217e-06 4.904591804338516312e-05 1.268156926842161497e-04 3.203934300406714997e-06 5.642638068818646763e-06 1.648530040180098106e-05 4.452578446404683351e-05 5.284833575522176124e-05 1.463164816912991930e-04 7.027265055311913545e-06 4.386070270362863333e-05 2.758202907170375864e-05 2.455491592933912724e-05 1.980533040039613368e-05 1.233141673447751073e-05 3.083381297258198906e-05 4.224106418572188670e-07 0.000000000000000000e+00 0.000000000000000000e+00 0.000000000000000000e+00 0.000000000000000000e+00 0.000000000000000000e+00 0.000000000000000000e+00 0.000000000000000000e+00 0.000000000000000000e+00 0.000000000000000000e+00 0.000000000000000000e+00 0.000000000000000000e+00 0.000000000000000000e+00 0.000000000000000000e+00 0.000000000000000000e+00 0.000000000000000000e+00 0.000000000000000000e+00 0.000000000000000000e+00
0.000000000000000000e+00 0.000000000000000000e+00 0.000000000000000000e+00 0.000000000000000000e+00 0.000000000000000000e+00 7.513595135009990941e-06 1.301198773289903152e-05 1.309435098354443528e-04 7.267512883837720032e-05 3.208253362870000698e-05 1.236377083775558990e-05 3.836218144303876849e-06 4.266635766486027466e-05 1.862640590627869598e-05 7.584205415262562433e-06 3.055467828769275833e-04 0.000000000000000000e+00 8.428960697564928607e-05 6.783510737748188251e-05 2.544130256325381334e-06 9.626145219995447800e-07 8.994245208123202519e-06 1.182568754533657802e-05 3.514910903084035094e-05 2.245854535848369456e-05 1.405074289976508576e-05 9.285808946188672507e-06 1.649096120820175060e-05 1.448108148226248291e-06 1.714701408520536786e-06 5.578319320190394597e-06 1.389487520510878899e-05 0.000000000000000000e+00 0.000000000000000000e+00 0.000000000000000000e+00 0.000000000000000000e+00 0.000000000000000000e+00 0.000000000000000000e+00 0.000000000000000000e+00 0.000000000000000000e+00 0.000000000000000000e+00 0.000000000000000000e+00 0.000000000000000000e+00 0.000000000000000000e+00 0.000000000000000000e+00 0.000000000000000000e+00 0.000000000000000000e+00 0.000000000000000000e+00 0.000000000000000000e+00 0.000000000000000000e+00
0.000000000000000000e+00 7.877760873943742971e-06 8.266098558143505592e-06 2.693308820919058030e-05 3.252444593521107565e-05 5.050178558622305669e-05 1.023936007576613575e-04 2.706603276763121777e-04 5.074479382739074441e-05 6.666524516625639573e-05 8.339716340949055720e-05 6.136976820950324092e-05 7.352694843307736852e-05 6.089270619407037658e-05 3.977686642123939217e-06 0.000000000000000000e+00 1.937808082105099423e-04 5.016640886684929987e-05 1.337229727945199779e-04 5.245012526200882848e-05 5.391977607811930188e-06 0.000000000000000000e+00 7.414983140221206111e-05 6.876535022748119495e-05 4.362594655069100763e-05 1.960094455366774907e-05 3.282798504115693491e-05 1.507483941431840403e-05 7.504526010582572332e-06 9.603518158161506788e-06 1.169104716288066031e-05 1.112547426132352439e-05 7.065722190155861884e-06 2.366357482793417661e-07 0.000000000000000000e+00 0.000000000000000000e+00 0.000000000000000000e+00 0.000000000000000000e+00 0.000000000000000000e+00 0.000000000000000000e+00 0.000000000000000000e+00 0.000000000000000000e+00 0.000000000000000000e+00 0.000000000000000000e+00 0.000000000000000000e+00 0.000000000000000000e+00 0.000000000000000000e+00 0.000000000000000000e+00 0.000000000000000000e+00 0.000000000000000000e+00
0.000000000000000000e+00 8.933308090490271140e-06 1.151145174849603659e-05 2.808851510898506442e-05 6.143958009185064584e-05 1.016332418601145716e-04 1.705243054059738894e-04 5.414268705214281795e-04 2.968442720810319591e-04 1.688885268556947997e-04 1.895428391659048780e-04 1.261813052631621638e-04 2.313558586923972812e-04 1.710606890430736889e-04 4.904591804338516312e-05 8.428960697564928607e-05 5.016640886684929987e-05 8.380607214071383003e-05 6.810580035308065714e-05 1.440083270303110015e-04 1.406941672477636984e-04 9.571909385937157856e-05 1.040156940672304326e-04 7.027382447033602016e-05 1.037144318486109517e-04 7.731392614058056373e-05 4.830791425903301284e-05 8.982434922805563921e-06 1.144116705006110024e-05 9.562284765839023000e-06 8.141569628761516976e-06 4.835110332316913442e-06 8.481193996842006688e-06 3.718165795764375602e-06 0.000000000000000000e+00 0.000000000000000000e+00 0.000000000000000000e+00 0.000000000000000000e+00 0.000000000000000000e+00 0.000000000000000000e+00 0.000000000000000000e+00 0.000000000000000000e+00 0.000000000000000000e+00 0.000000000000000000e+00 0.000000000000000000e+00 0.000000000000000000e+00 0.000000000000000000e+00 0.000000000000000000e+00 0.000000000000000000e+00 0.000000000000000000e+00
0.000000000000000000e+00 0.000000000000000000e+00 3.266412360076383204e-08 7.272091586383124841e-06 4.000273761200412372e-05 9.225973102732690082e-05 2.425256486617873963e-04 4.537842828891971384e-04 1.302433417798858528e-04 2.889449068181901086e-04 3.374381540969931042e-04 2.627753464683673735e-04 4.840844408852095480e-04 4.048215448400613922e-04 1.268156926842161497e-04 6.783510737748188251e-05 1.337229727945199779e-04 6.810580035308064358e-05 4.471958345552876188e-04 8.794534330358610934e-06 2.199082032326699806e-05 4.141607624729125450e-05 1.139878738518315714e-04 1.017965486552049398e-04 1.051492406032426846e-04 2.419428857656291673e-05 6.232399788859927317e-05 1.331845103256040280e-05 1.478093758289259778e-05 1.652995855279903214e-05 1.022907485178220736e-05 7.542073942691906370e-06 1.886499510960198224e-06 8.854796224216823468e-07 0.000000000000000000e+00 0.000000000000000000e+00 0.000000000000000000e+00 0.000000000000000000e+00 0.000000000000000000e+00 0.000000000000000000e+00 0.000000000000000000e+00 0.000000000000000000e+00 0.000000000000000000e+00 0.000000000000000000e+00 0.000000000000000000e+00 0.000000000000000000e+00 0.000000000000000000e+00 0.000000000000000000e+00 0.000000000000000000e+00 0.000000000000000000e+00
0.000000000000000000e+00 8.414218707132849537e-06 8.859304173760172078e-06 3.511226107640329940e-05 4.112293683011261446e-05 8.890629200808827456e-05 1.223833849226979066e-04 1.269303733926320597e-04 7.796601586298610093e-05 1.743806718030083993e-04 2.538784834282780648e-04 1.148383559974981369e-04 1.272381846611888776e-04 5.078251943475766035e-05 3.203934300406714997e-06 2.544130256325381334e-06 5.245012526200882848e-05 1.440083270303110015e-04 8.794534330358610934e-06 5.722504220852503822e-04 4.942842046651917828e-06 1.847007164389383590e-06 1.294927204939649856e-04 6.037085444407290188e-05 3.441002777266402173e-05 2.671774413266853136e-05 1.897513756206103329e-05 7.850935537129592791e-06 7.873239345452729115e-06 7.461620572616608154e-06 7.037076271052591361e-06 2.967851688123647407e-06 2.619888852434542203e-06 2.123016253441033897e-08 0.000000000000000000e+00 0.000000000000000000e+00 0.000000000000000000e+00 0.000000000000000000e+00 0.000000000000000000e+00 0.000000000000000000e+00 0.000000000000000000e+00 0.000000000000000000e+00 0.000000000000000000e+00 0.000000000000000000e+00 0.000000000000000000e+00 0.000000000000000000e+00 0.000000000000000000e+00 0.000000000000000000e+00 0.000000000000000000e+00 0.000000000000000000e+00
0.000000000000000000e+00 0.000000000000000000e+00 0.000000000000000000e+00 0.000000000000000000e+00 0.000000000000000000e+00 0.000000000000000000e+00 2.567164743744527507e-05 5.705229647238552280e-05 3.464450717703219251e-05 2.212204249633449089e-05 3.669489115061383742e-05 1.021182919396053337e-05 1.042644827709011364e-05 3.023170845894890447e-05 5.642638068818646763e-06 9.626145219995447800e-07 5.391977607811930188e-06 1.406941672477636984e-04 2.199082032326699806e-05 4.942842046651917828e-06 5.248550846024033862e-04 0.000000000000000000e+00 5.616030985768895675e-05 1.759988017672958497e-05 1.211473382481142549e-05 7.614233678417219912e-06 8.789419859751957957e-06 7.894754457081365042e-08 4.231010534833606745e-06 3.080357676485869080e-06 1.873615451390130015e-06 6.731338960484559718e-06 2.440834407145953066e-06 0.000000000000000000e+00 0.000000000000000000e+00 0.000000000000000000e+00 0.000000000000000000e+00 0.000000000000000000e+00 0.000000000000000000e+00 0.000000000000000000e+00 0.000000000000000000e+00 0.000000000000000000e+00 0.000000000000000000e+00 0.000000000000000000e+00 0.000000000000000000e+00 0.000000000000000000e+00 0.000000000000000000e+00 0.000000000000000000e+00 0.000000000000000000e+00 0.000000000000000000e+00
0.000000000000000000e+00 0.000000000000000000e+00 0.000000000000000000e+00 0.000000000000000000e+00 0.000000000000000000e+00 0.000000000000000000e+00 0.000000000000000000e+00 1.665907482036039136e-05 1.341605551254011453e-05 1.140030048442986879e-05 4.935015175648894857e-06 5.754196253211223298e-07 1.741166129327254362e-06 2.277654110510084932e-06 1.648530040180098106e-05 8.994245208123202519e-06 0.000000000000000000e+00 9.571909385937157856e-05 4.141607624729125450e-05 1.847007164389383590e-06 0.000000000000000000e+00 2.303758226305640936e-04 6.056981248943787342e-06 2.352851426739968721e-05 4.291000497967772920e-06 2.710554431723484737e-07 7.669477736533336549e-07 2.332977405498388290e-06 2.453447867441470800e-06 8.233169138350051474e-07 2.381769698515964391e-07 7.828678810046918113e-06 0.000000000000000000e+00 0.000000000000000000e+00 0.000000000000000000e+00 0.000000000000000000e+00 0.000000000000000000e+00 0.000000000000000000e+00 0.000000000000000000e+00 0.000000000000000000e+00 0.000000000000000000e+00 0.000000000000000000e+00 0.000000000000000000e+00 0.000000000000000000e+00 0.000000000000000000e+00 0.000000000000000000e+00 0.000000000000000000e+00 0.000000000000000000e+00 0.000000000000000000e+00 0.000000000000000000e+00
0.000000000000000000e+00 2.355161515401167309e-11 4.543243953910514106e-08 3.800112543679323937e-07 3.575148018105275388e-05 1.043003712026007763e-04 2.649408465109951653e-04 6.043781656862977228e-04 1.708771260458299393e-04 8.554064640376690372e-04 1.237176290723132404e-03 1.047689258048597333e-03 7.828955694027645539e-04 1.650150431568392590e-04 4.452578446404683351e-05 1.182568754533657802e-05 7.414983140221206111e-05 1.040156940672304326e-04 1.139878738518315714e-04 1.294927204939649856e-04 5.616030985768895675e-05 6.056981248943787342e-06 1.601928801984810235e-04 1.476109936578077868e-04 3.992882637029501313e-04 3.252012515856003401e-04 1.056360012224496917e-03 1.190116080596295874e-04 2.947837512861509798e-04 3.916566982590622163e-04 4.383231106263329210e-04 5.355735660419699319e-04 2.710193725930755892e-04 5.675101223261697266e-08 0.000000000000000000e+00 0.000000000000000000e+00 0.000000000000000000e+00 0.000000000000000000e+00 0.000000000000000000e+00 0.000000000000000000e+00 0.000000000000000000e+00 0.000000000000000000e+00 0.000000000000000000e+00 0.000000000000000000e+00 0.000000000000000000e+00 0.000000000000000000e+00 0.000000000000000000e+00 0.000000000000000000e+00 0.000000000000000000e+00 0.000000000000000000e+00
0.000000000000000000e+00 4.564091993636858793e-06 2.256727494451825930e-06 2.867004606164907463e-05 2.824346868060024034e-05 3.631234228536876383e-05 3.918023711778668310e-05 2.544265184510285612e-04 1.060029602220797113e-04 2.275807461386412012e-04 5.471091789219825318e-04 4.774061764482648968e-04 5.363653901688023419e-04 6.648644987243223473e-05 5.284833575522175446e-05 3.514910903084035094e-05 6.876535022748119495e-05 7.027382447033602016e-05 1.017965486552049398e-04 6.037085444407290188e-05 1.759988017672958497e-05 2.352851426739968721e-05 1.476109936578077868e-04 6.956071105275888136e-04 1.377617064630072866e-04 7.697816546679772806e-05 5.727871001792541640e-04 3.741285632709581894e-04 3.518078814930161551e-04 1.405542300166001573e-05 1.634794344437031375e-05 6.341411525444272162e-05 2.194508900385361662e-04 9.079959080587539594e-05 0.000000000000000000e+00 0.000000000000000000e+00 0.000000000000000000e+00 0.000000000000000000e+00 0.000000000000000000e+00 0.000000000000000000e+00 0.000000000000000000e+00 0.000000000000000000e+00 0.000000000000000000e+00 0.000000000000000000e+00 0.000000000000000000e+00 0.000000000000000000e+00 0.000000000000000000e+00 0.000000000000000000e+00 0.000000000000000000e+00 0.000000000000000000e+00
0.000000000000000000e+00 1.329610442336587938e-06 3.340488546397284065e-06 1.060168181322998856e-05 1.625778619699473084e-05 2.990491535192594006e-05 6.659553226014456413e-05 2.970237233085619628e-04 1.172806316109680646e-04 2.750371808070458789e-04 4.987767325739969441e-04 4.655547061205102840e-04 6.182527693343481965e-04 4.275472019277550798e-04 1.463164816912991930e-04 2.245854535848369456e-05 4.362594655069100763e-05 1.037144318486109517e-04 1.051492406032426846e-04 3.441002777266402173e-05 1.211473382481142549e-05 4.291000497967772920e-06 3.992882637029501313e-04 1.377617064630072866e-04 1.548353740459397715e-03 3.009079132198326512e-04 7.257006205389537933e-04 6.157112716228504198e-04 2.839578350135690777e-04 1.023039136085093472e-04 1.961387075467638794e-05 6.673640380037969570e-05 2.001210597333668773e-05 2.347574934667476628e-07 0.000000000000000000e+00 0.000000000000000000e+00 0.000000000000000000e+00 0.000000000000000000e+00 0.000000000000000000e+00 0.000000000000000000e+00 0.000000000000000000e+00 0.000000000000000000e+00 0.000000000000000000e+00 0.000000000000000000e+00 0.000000000000000000e+00 0.000000000000000000e+00 0.000000000000000000e+00 0.000000000000000000e+00 0.000000000000000000e+00 0.000000000000000000e+00
0.000000000000000000e+00 2.384611734271955774e-05 1.272463362597403495e-05 1.363495061841430384e-06 1.522985276647179105e-05 1.367164784241033771e-05 5.827069045686108801e-05 1.014224709693628394e-04 5.301343600585755282e-05 3.373170024368112876e-04 1.050143448163257283e-04 7.008919238390980036e-05 1.563001762735358386e-04 1.467626837469556897e-04 7.027265055311913545e-06 1.405074289976508576e-05 1.960094455366774907e-05 7.731392614058056373e-05 2.419428857656291673e-05 2.671774413266853136e-05 7.614233678417219912e-06 2.710554431723484737e-07 3.252012515856003401e-04 7.697816546679772806e-05 3.009079132198326512e-04 9.783748162549780591e-04 3.168578856908648659e-05 7.706295940607740537e-07 4.212627972288414982e-07 1.305660135389123684e-05 4.352980725921099138e-05 3.325480490274691520e-05 2.739268169691966009e-06 1.176367589045709849e-06 0.000000000000000000e+00 0.000000000000000000e+00 0.000000000000000000e+00 0.000000000000000000e+00 0.000000000000000000e+00 0.000000000000000000e+00 0.000000000000000000e+00 0.000000000000000000e+00 0.000000000000000000e+00 0.000000000000000000e+00 0.000000000000000000e+00 0.000000000000000000e+00 0.000000000000000000e+00 0.000000000000000000e+00 0.000000000000000000e+00 0.000000000000000000e+00
0.000000000000000000e+00 2.671374488844126194e-07 1.056190558431609869e-05 7.590789708036789268e-05 8.421392413219682088e-05 1.366592360244854858e-04 1.818020910326031731e-04 2.134932244540215960e-04 1.468681999087505003e-04 5.046324245459380938e-04 6.803268216649991469e-04 2.293417478924359549e-04 3.112707507922101336e-04 1.552459255047767747e-04 4.386070270362863333e-05 9.285808946188672507e-06 3.282798504115693491e-05 4.830791425903301284e-05 6.232399788859928672e-05 1.897513756206103329e-05 8.789419859751957957e-06 7.669477736533336549e-07 1.056360012224496700e-03 5.727871001792541640e-04 7.257006205389540101e-04 3.168578856908648659e-05 1.151211446737858152e-03 2.651921855338172301e-05 4.345313125743258830e-05 3.195234219814167793e-05 2.231600379621455777e-05 5.331729906507720509e-05 4.507870470469810357e-05 2.147562166280088984e-06 0.000000000000000000e+00 0.000000000000000000e+00 0.000000000000000000e+00 0.000000000000000000e+00 0.000000000000000000e+00 0.000000000000000000e+00 0.000000000000000000e+00 0.000000000000000000e+00 0.000000000000000000e+00 0.000000000000000000e+00 0.000000000000000000e+00 0.000000000000000000e+00 0.000000000000000000e+00 0.000000000000000000e+00 0.000000000000000000e+00 0.000000000000000000e+00
0.000000000000000000e+00 7.497684022571646521e-06 7.347543687268849246e-06 1.788349060451025537e-05 1.754907775443714674e-05 1.065664160817404316e-05 1.507682006833013169e-05 5.039634512996634378e-05 4.677175975345120853e-05 2.106653840187279665e-04 1.870854455199229575e-04 6.402972344219232104e-05 1.818340466760786931e-05 2.083351604498667549e-05 2.758202907170375864e-05 1.649096120820175060e-05 1.507483941431840403e-05 8.982434922805563921e-06 1.331845103256040280e-05 7.850935537129592791e-06 7.894754457081365042e-08 2.332977405498388290e-06 1.190116080596295874e-04 3.741285632709581894e-04 6.157112716228504198e-04 7.706295940607740537e-07 2.651921855338172301e-05 5.571946907687320419e-04 2.039932752412656957e-05 6.016084974876782233e-06 8.439834596984126705e-06 5.335314472927142994e-05 4.164508355736469341e-06 5.517602824998291421e-07 0.000000000000000000e+00 0.000000000000000000e+00 0.000000000000000000e+00 0.000000000000000000e+00 0.000000000000000000e+00 0.000000000000000000e+00 0.000000000000000000e+00 0.000000000000000000e+00 0.000000000000000000e+00 0.000000000000000000e+00 0.000000000000000000e+00 0.000000000000000000e+00 0.000000000000000000e+00 0.000000000000000000e+00 0.000000000000000000e+00 0.000000000000000000e+00
0.000000000000000000e+00 0.000000000000000000e+00 0.000000000000000000e+00 1.754236728099622410e-05 4.520887578103839963e-05 3.607233863569006912e-05 2.977445453773451802e-05 4.877667568163851741e-05 7.501196410758585688e-05 8.473402744663027417e-05 1.177857459812029146e-04 2.170103971478184134e-04 6.298534808160957752e-05 4.588992401848373767e-05 2.455491592933912724e-05 1.448108148226248291e-06 7.504526010582572332e-06 1.144116705006110024e-05 1.478093758289259778e-05 7.873239345452729115e-06 4.231010534833606745e-06 2.453447867441470800e-06 2.947837512861509798e-04 3.518078814930161551e-04 2.839578350135690777e-04 4.212627972288414982e-07 4.345313125743258830e-05 2.039932752412656957e-05 1.139529336424324182e-03 0.000000000000000000e+00 6.556392642220531317e-09 1.059281843910078518e-06 1.535266106438719251e-06 0.000000000000000000e+00 0.000000000000000000e+00 0.000000000000000000e+00 0.000000000000000000e+00 0.000000000000000000e+00 0.000000000000000000e+00 0.000000000000000000e+00 0.000000000000000000e+00 0.000000000000000000e+00 0.000000000000000000e+00 0.000000000000000000e+00 0.000000000000000000e+00 0.000000000000000000e+00 0.000000000000000000e+00 0.000000000000000000e+00 0.000000000000000000e+00 0.000000000000000000e+00
0.000000000000000000e+00 0.000000000000000000e+00 0.000000000000000000e+00 0.000000000000000000e+00 0.000000000000000000e+00 4.668010719315948004e-05 5.740090071237673278e-05 1.182702284075835955e-04 8.257608604007345273e-05 1.533794076201649807e-04 1.500505830639983296e-04 6.191339711138289553e-05 1.036818877299819846e-04 5.604639878951707280e-05 1.980533040039613368e-05 1.714701408520536786e-06 9.603518158161506788e-06 9.562284765839023000e-06 1.652995855279903214e-05 7.461620572616608154e-06 3.080357676485869080e-06 8.233169138350051474e-07 3.916566982590622163e-04 1.405542300166001573e-05 1.023039136085093472e-04 1.305660135389123684e-05 3.195234219814167793e-05 6.016084974876782233e-06 0.000000000000000000e+00 9.414482573338892263e-04 1.968435367053177408e-07 1.342366433290695302e-06 5.079947093059928031e-08 0.000000000000000000e+00 0.000000000000000000e+00 0.000000000000000000e+00 0.000000000000000000e+00 0.000000000000000000e+00 0.000000000000000000e+00 0.000000000000000000e+00 0.000000000000000000e+00 0.000000000000000000e+00 0.000000000000000000e+00 0.000000000000000000e+00 0.000000000000000000e+00 0.000000000000000000e+00 0.000000000000000000e+00 0.000000000000000000e+00 0.000000000000000000e+00 0.000000000000000000e+00
0.000000000000000000e+00 0.000000000000000000e+00 0.000000000000000000e+00 0.000000000000000000e+00 0.000000000000000000e+00 0.000000000000000000e+00 1.029743191941501223e-04 2.858280196869928281e-04 1.152428490699288052e-04 2.942743820788076880e-04 9.659613635828998338e-05 4.358220528639654185e-05 9.337399728999317046e-05 1.181573312478759988e-04 1.233141673447751073e-05 5.578319320190394597e-06 1.169104716288066200e-05 8.141569628761518670e-06 1.022907485178220736e-05 7.037076271052591361e-06 1.873615451390130015e-06 2.381769698515964391e-07 4.383231106263329210e-04 1.634794344437031375e-05 1.961387075467638794e-05 4.352980725921099138e-05 2.231600379621455777e-05 8.439834596984126705e-06 6.556392642220531317e-09 1.968435367053177408e-07 4.722761185564992967e-04 9.524200712138318204e-08 0.000000000000000000e+00 0.000000000000000000e+00 0.000000000000000000e+00 0.000000000000000000e+00 0.000000000000000000e+00 0.000000000000000000e+00 0.000000000000000000e+00 0.000000000000000000e+00 0.000000000000000000e+00 0.000000000000000000e+00 0.000000000000000000e+00 0.000000000000000000e+00 0.000000000000000000e+00 0.000000000000000000e+00 0.000000000000000000e+00 0.000000000000000000e+00 0.000000000000000000e+00 0.000000000000000000e+00
0.000000000000000000e+00 0.000000000000000000e+00 0.000000000000000000e+00 0.000000000000000000e+00 0.000000000000000000e+00 5.027137043554815560e-05 1.451857228773882245e-04 3.027839096319721673e-04 2.300042499933230690e-04 1.856062511733548451e-04 1.635369697176721154e-04 9.169378864800154991e-05 9.928726521832931327e-05 6.480031565885074560e-05 3.083381297258198906e-05 1.389487520510878899e-05 1.112547426132352439e-05 4.835110332316913442e-06 7.542073942691906370e-06 2.967851688123647407e-06 6.731338960484559718e-06 7.828678810046918113e-06 5.355735660419699319e-04 6.341411525444272162e-05 6.673640380037969570e-05 3.325480490274691520e-05 5.331729906507720509e-05 5.335314472927142994e-05 1.059281843910078518e-06 1.342366433290695302e-06 9.524200712138318204e-08 3.139220328441969334e-04 0.000000000000000000e+00 0.000000000000000000e+00 0.000000000000000000e+00 0.000000000000000000e+00 0.000000000000000000e+00 0.000000000000000000e+00 0.000000000000000000e+00 0.000000000000000000e+00 0.000000000000000000e+00 0.000000000000000000e+00 0.000000000000000000e+00 0.000000000000000000e+00 0.000000000000000000e+00 0.000000000000000000e+00 0.000000000000000000e+00 0.000000000000000000e+00 0.000000000000000000e+00 0.000000000000000000e+00
