0.000000000000000000e+00 0.000000000000000000e+00 0.000000000000000000e+00 0.000000000000000000e+00 0.000000000000000000e+00 0.000000000000000000e+00 0.000000000000000000e+00 0.000000000000000000e+00 0.000000000000000000e+00 0.000000000000000000e+00 0.000000000000000000e+00 0.000000000000000000e+00 0.000000000000000000e+00 0.000000000000000000e+00 0.000000000000000000e+00 0.000000000000000000e+00 0.000000000000000000e+00 0.000000000000000000e+00 0.000000000000000000e+00 0.000000000000000000e+00 0.000000000000000000e+00 0.000000000000000000e+00 0.000000000000000000e+00 0.000000000000000000e+00 0.000000000000000000e+00 0.000000000000000000e+00 0.000000000000000000e+00 0.000000000000000000e+00 0.000000000000000000e+00 0.000000000000000000e+00 0.000000000000000000e+00 0.000000000000000000e+00 0.000000000000000000e+00 0.000000000000000000e+00 0.000000000000000000e+00 0.000000000000000000e+00 0.000000000000000000e+00 0.000000000000000000e+00 0.000000000000000000e+00 0.000000000000000000e+00 0.000000000000000000e+00 0.000000000000000000e+00 0.000000000000000000e+00 0.000000000000000000e+00 0.000000000000000000e+00 0.000000000000000000e+00 0.000000000000000000e+00 0.000000000000000000e+00 0.000000000000000000e+00 0.000000000000000000e+00
0.000000000000000000e+00 1.252120006064693855e-02 4.622012641764220625e-06 0.000000000000000000e+00 7.147300924304424190e-06 0.000000000000000000e+00 5.704280991410883995e-35 7.531974056074019842e-07 1.928719885127347627e-07 0.000000000000000000e+00 1.043146066330920950e-05 3.305412828094709816e-06 2.762892913494969915e-06 0.000000000000000000e+00 0.000000000000000000e+00 0.000000000000000000e+00 5.479527260231238094e-07 1.144527226187184042e-05 0.000000000000000000e+00 6.017741338265072001e-07 0.000000000000000000e+00 0.000000000000000000e+00 8.098683383881900260e-36 2.942173613874626598e-06 1.971684054629757905e-07 1.393622793219209243e-05 4.220062979516191500e-34 3.324422934132528748e-06 0.000000000000000000e+00 0.000000000000000000e+00 0.000000000000000000e+00 0.000000000000000000e+00 0.000000000000000000e+00 6.579792461770490387e-05 0.000000000000000000e+00 0.000000000000000000e+00 0.000000000000000000e+00 0.000000000000000000e+00 0.000000000000000000e+00 0.000000000000000000e+00 0.000000000000000000e+00 0.000000000000000000e+00 0.000000000000000000e+00 0.000000000000000000e+00 0.000000000000000000e+00 0.000000000000000000e+00 0.000000000000000000e+00 0.000000000000000000e+00 0.000000000000000000e+00 0.000000000000000000e+00
0.000000000000000000e+00 4.622012641764220625e-06 1.416382817171097860e-02 0.000000000000000000e+00 2.023319795989831190e-05 0.000000000000000000e+00 1.999356692561829326e-07 3.725024056461603240e-06 9.475939512871340204e-07 0.000000000000000000e+00 1.071213743224322185e-05 6.638476072528942081e-06 2.460679740439841967e-06 0.000000000000000000e+00 0.000000000000000000e+00 0.000000000000000000e+00 6.779243530769249245e-07 1.330952099744001503e-05 6.082183703588136312e-07 6.372264447110347274e-07 0.000000000000000000e+00 0.000000000000000000e+00 8.620750276181016341e-09 1.284402430966864882e-06 3.083790361934001731e-06 8.532716777094406731e-06 5.638101977556051017e-06 3.970066055533677036e-06 0.000000000000000000e+00 0.000000000000000000e+00 0.000000000000000000e+00 0.000000000000000000e+00 0.000000000000000000e+00 5.858029185327228095e-05 0.000000000000000000e+00 0.000000000000000000e+00 0.000000000000000000e+00 0.000000000000000000e+00 0.000000000000000000e+00 0.000000000000000000e+00 0.000000000000000000e+00 0.000000000000000000e+00 0.000000000000000000e+00 0.000000000000000000e+00 0.000000000000000000e+00 0.000000000000000000e+00 0.000000000000000000e+00 0.000000000000000000e+00 0.000000000000000000e+00 0.000000000000000000e+00
0.000000000000000000e+00 0.000000000000000000e+00 0.000000000000000000e+00 2.000689573118205611e-02 3.383826828800776075e-06 1.692704847473326644e-05 2.529404629624407573e-05 3.061761571558329747e-05 9.242438976789779820e-08 3.045020428902064310e-06 3.369017754541355614e-05 2.952461786970017406e-05 7.489081446435358670e-06 0.000000000000000000e+00 0.000000000000000000e+00 0.000000000000000000e+00 1.981654203697943303e-06 3.049556230809294657e-05 9.749350446859200803e-06 2.019106844868575237e-06 0.000000000000000000e+00 0.000000000000000000e+00 3.945142300511050996e-09 1.676119404646955391e-05 8.520824288265090634e-06 1.573326489436945641e-06 4.117738667063397702e-05 8.985746433395895135e-06 1.016409947954693609e-05 0.000000000000000000e+00 0.000000000000000000e+00 0.000000000000000000e+00 6.273109651540941336e-05 1.275635055057427049e-04 0.000000000000000000e+00 0.000000000000000000e+00 0.000000000000000000e+00 0.000000000000000000e+00 0.000000000000000000e+00 0.000000000000000000e+00 0.000000000000000000e+00 0.000000000000000000e+00 0.000000000000000000e+00 0.000000000000000000e+00 0.000000000000000000e+00 0.000000000000000000e+00 0.000000000000000000e+00 0.000000000000000000e+00 0.000000000000000000e+00 0.000000000000000000e+00
0.000000000000000000e+00 7.147300924304424190e-06 2.023319795989831190e-05 3.383826828800776075e-06 3.255773816345321203e-02 5.004746444175349246e-05 1.685939662531902345e-07 3.463864778473784063e-05 6.917925346316798488e-05 5.634557168844731760e-05 7.777711070299493201e-05 3.998704229558140000e-05 2.084542979846817906e-05 0.000000000000000000e+00 0.000000000000000000e+00 0.000000000000000000e+00 2.743571721833290783e-06 5.857063945069839578e-05 2.782600148592672207e-05 3.189967938148897706e-06 0.000000000000000000e+00 0.000000000000000000e+00 2.288417140833460834e-05 1.911014261238029089e-05 1.503732805469417010e-05 1.063772990342378538e-05 4.842861129757086269e-05 9.549782002983682406e-06 3.076932505017211151e-05 0.000000000000000000e+00 0.000000000000000000e+00 0.000000000000000000e+00 2.256422957238324312e-04 4.125033159692189738e-05 0.000000000000000000e+00 0.000000000000000000e+00 0.000000000000000000e+00 0.000000000000000000e+00 0.000000000000000000e+00 0.000000000000000000e+00 0.000000000000000000e+00 0.000000000000000000e+00 0.000000000000000000e+00 0.000000000000000000e+00 0.000000000000000000e+00 0.000000000000000000e+00 0.000000000000000000e+00 0.000000000000000000e+00 0.000000000000000000e+00 0.000000000000000000e+00
0.000000000000000000e+00 0.000000000000000000e+00 0.000000000000000000e+00 1.692704847473326644e-05 5.004746444175349246e-05 1.845933158939004615e-02 9.394025028327271593e-05 4.081856122535714322e-05 8.874660191280607654e-05 1.550657586993716862e-04 2.611197034551238278e-04 8.311692974639155163e-05 7.070117045429831287e-05 4.122056004880068883e-06 1.755764796863011404e-07 3.167517901879994480e-07 3.144047814241063103e-05 7.601486112561758434e-05 3.652887812894206544e-05 3.452991994466788196e-05 0.000000000000000000e+00 0.000000000000000000e+00 7.624724226485687451e-05 3.788266424389011034e-05 2.923777539139710093e-05 1.056854242972945903e-05 7.501354357578398865e-05 5.246821009562705773e-06 2.560064653878914946e-05 3.622848688627652126e-05 0.000000000000000000e+00 7.249409370426427874e-05 2.631667776293778903e-04 1.131035508901471062e-05 0.000000000000000000e+00 0.000000000000000000e+00 0.000000000000000000e+00 0.000000000000000000e+00 0.000000000000000000e+00 0.000000000000000000e+00 0.000000000000000000e+00 0.000000000000000000e+00 0.000000000000000000e+00 0.000000000000000000e+00 0.000000000000000000e+00 0.000000000000000000e+00 0.000000000000000000e+00 0.000000000000000000e+00 0.000000000000000000e+00 0.000000000000000000e+00
0.000000000000000000e+00 5.704280991410883995e-35 1.999356692561829326e-07 2.529404629624407573e-05 1.685939662531902345e-07 9.394025028327271593e-05 1.386383508639732476e-02 2.861402156979718481e-04 1.861833165832547585e-04 3.279960600215459424e-04 3.913162598317043348e-04 2.034636647518689207e-04 1.272458053180130458e-04 6.477229560612499603e-05 9.388058360786252078e-07 1.955850614864084552e-06 6.858055600370878283e-05 9.218042349334019687e-05 7.241160035608852738e-05 4.473475578594915365e-05 1.983837056470902336e-05 0.000000000000000000e+00 2.042486843889600276e-04 5.861575117179861191e-05 1.050135114606492157e-04 3.381028302457213849e-05 1.118686128738276633e-04 7.591267762850011336e-06 2.145422514188963020e-05 4.992806310347714239e-05 1.320035055954398668e-04 2.097445947486582167e-04 1.356313176470009228e-04 2.053553188196320528e-05 0.000000000000000000e+00 0.000000000000000000e+00 0.000000000000000000e+00 0.000000000000000000e+00 0.000000000000000000e+00 0.000000000000000000e+00 0.000000000000000000e+00 0.000000000000000000e+00 0.000000000000000000e+00 0.000000000000000000e+00 0.000000000000000000e+00 0.000000000000000000e+00 0.000000000000000000e+00 0.000000000000000000e+00 0.000000000000000000e+00 0.000000000000000000e+00
0.000000000000000000e+00 7.531974056074019842e-07 3.725024056461603240e-06 3.061761571558330424e-05 3.463864778473784063e-05 4.081856122535714999e-05 2.861402156979718481e-04 7.483895381857672176e-03 3.399095297399028237e-04 1.031786067378258603e-03 6.479806779311646963e-04 3.510648693418777803e-04 2.568308444538472271e-04 1.976552565551515305e-04 6.266213933617887017e-05 6.961478407726671058e-05 7.593374128156780555e-05 1.653952715478820650e-04 1.895965360380380863e-04 5.478748807281199978e-05 2.728100010948227309e-05 1.370445316771543439e-05 5.471410056850389315e-04 2.428437981533334840e-04 3.224566459610251658e-04 1.058240112426752971e-04 1.871185650106917770e-04 6.218780894276966910e-05 5.369090616690766704e-05 1.627205730543551763e-04 3.714559521569769885e-04 4.098236031898268316e-04 1.164723740410553772e-04 1.563678207399931891e-05 0.000000000000000000e+00 0.000000000000000000e+00 0.000000000000000000e+00 0.000000000000000000e+00 0.000000000000000000e+00 0.000000000000000000e+00 0.000000000000000000e+00 0.000000000000000000e+00 0.000000000000000000e+00 0.000000000000000000e+00 0.000000000000000000e+00 0.000000000000000000e+00 0.000000000000000000e+00 0.000000000000000000e+00 0.000000000000000000e+00 0.000000000000000000e+00
0.000000000000000000e+00 1.928719885127347627e-07 9.475939512871340204e-07 9.242438976789779820e-08 6.917925346316798488e-05 8.874660191280607654e-05 1.861833165832547585e-04 3.399095297399028779e-04 6.581753752598604179e-03 5.248042846359704180e-04 5.379679067654041715e-04 2.791123794170815003e-04 1.875925350197738071e-04 1.300687874419824170e-04 5.827158538279925956e-05 2.061664189319375659e-05 5.324712825247750642e-05 1.147044676002722418e-04 8.989366455799698539e-05 4.228081138916357546e-05 1.228837786435610039e-05 5.027240604783108460e-06 1.786565117180339592e-04 8.913699360684431187e-05 1.133055452486838769e-04 4.662603309929955696e-05 2.210228676501267123e-04 8.713544404035977785e-05 9.496284930826030639e-05 1.270462386697373647e-04 1.786673979870669429e-04 2.392478638729061741e-04 2.465793546350115951e-04 6.649947484902519897e-06 0.000000000000000000e+00 0.000000000000000000e+00 0.000000000000000000e+00 0.000000000000000000e+00 0.000000000000000000e+00 0.000000000000000000e+00 0.000000000000000000e+00 0.000000000000000000e+00 0.000000000000000000e+00 0.000000000000000000e+00 0.000000000000000000e+00 0.000000000000000000e+00 0.000000000000000000e+00 0.000000000000000000e+00 0.000000000000000000e+00 0.000000000000000000e+00
0.000000000000000000e+00 0.000000000000000000e+00 0.000000000000000000e+00 3.045020428902064310e-06 5.634557168844731760e-05 1.550657586993716862e-04 3.279960600215459424e-04 1.031786067378258603e-03 5.248042846359705265e-04 3.933043080244607616e-03 1.136954324400926176e-03 5.831596542485495199e-04 5.389761330269953821e-04 2.853961418095590395e-04 5.980674868339465468e-05 2.278680404011299116e-05 8.263307681484066832e-05 1.780267539281251907e-04 2.125746999870014014e-04 1.221692212768210736e-04 1.132490393595236082e-05 5.928777345706036874e-06 8.981742361553046857e-04 3.033341356730188195e-04 3.222725901866759185e-04 2.910554540585896886e-04 4.560065512222993161e-04 2.118713802695027946e-04 8.336469691592581703e-05 1.798597066153060763e-04 4.553464233177174415e-04 3.803810538255649929e-04 2.512505282766221083e-04 1.605307246831806951e-05 0.000000000000000000e+00 0.000000000000000000e+00 0.000000000000000000e+00 0.000000000000000000e+00 0.000000000000000000e+00 0.000000000000000000e+00 0.000000000000000000e+00 0.000000000000000000e+00 0.000000000000000000e+00 0.000000000000000000e+00 0.000000000000000000e+00 0.000000000000000000e+00 0.000000000000000000e+00 0.000000000000000000e+00 0.000000000000000000e+00 0.000000000000000000e+00
0.000000000000000000e+00 1.043146066330920950e-05 1.071213743224322185e-05 3.369017754541355614e-05 7.777711070299491846e-05 2.611197034551238278e-04 3.913162598317043348e-04 6.479806779311646963e-04 5.379679067654041715e-04 1.136954324400926176e-03 5.086233824556614727e-03 1.058688489154019276e-03 8.456801290513156618e-04 2.315951712629596459e-04 4.009995895402725303e-05 2.249526098658915222e-05 8.208064981558466935e-05 1.667634838239395734e-04 1.415991177488172721e-04 1.311261487566024047e-04 3.583777304984404389e-05 6.936137849466378818e-06 1.205806369822894986e-03 6.333870075552129782e-04 5.577371035717606411e-04 1.137790362857463492e-04 5.460163740933023134e-04 1.296131813952477747e-04 1.142986611027130419e-04 1.176600726621422079e-04 1.613304978463909588e-04 4.694381445657588056e-04 5.845649211442071171e-04 1.159911863209224574e-04 0.000000000000000000e+00 0.000000000000000000e+00 0.000000000000000000e+00 0.000000000000000000e+00 0.000000000000000000e+00 0.000000000000000000e+00 0.000000000000000000e+00 0.000000000000000000e+00 0.000000000000000000e+00 0.000000000000000000e+00 0.000000000000000000e+00 0.000000000000000000e+00 0.000000000000000000e+00 0.000000000000000000e+00 0.000000000000000000e+00 0.000000000000000000e+00
0.000000000000000000e+00 3.305412828094709816e-06 6.638476072528942081e-06 2.952461786970017406e-05 3.998704229558140000e-05 8.311692974639155163e-05 2.034636647518689207e-04 3.510648693418777803e-04 2.791123794170815003e-04 5.831596542485495199e-04 1.058688489154019060e-03 4.406623975888522039e-03 6.931862520774813253e-04 1.683760800011582066e-04 2.012573394092207683e-05 1.109053756836878868e-05 9.779346857794332323e-05 1.395096592736611170e-04 1.695588690904944952e-04 6.843638901697270810e-05 2.630476678187253860e-05 6.207081728858262950e-06 1.070331708367200504e-03 6.043914682803066965e-04 4.583963410499042671e-04 5.470815989598005422e-05 2.241897751522822237e-04 1.828662302982632550e-05 8.636339569076066094e-05 8.791073076802914123e-05 1.702318861594938652e-04 3.676233989614028958e-04 3.212457971663887856e-04 3.851394249593477405e-05 0.000000000000000000e+00 0.000000000000000000e+00 0.000000000000000000e+00 0.000000000000000000e+00 0.000000000000000000e+00 0.000000000000000000e+00 0.000000000000000000e+00 0.000000000000000000e+00 0.000000000000000000e+00 0.000000000000000000e+00 0.000000000000000000e+00 0.000000000000000000e+00 0.000000000000000000e+00 0.000000000000000000e+00 0.000000000000000000e+00 0.000000000000000000e+00
0.000000000000000000e+00 2.762892913494969915e-06 2.460679740439841967e-06 7.489081446435358670e-06 2.084542979846817906e-05 7.070117045429831287e-05 1.272458053180130458e-04 2.568308444538472813e-04 1.875925350197738071e-04 5.389761330269953821e-04 8.456801290513156618e-04 6.931862520774813253e-04 5.307123775655906220e-03 3.228714219280133806e-04 2.610723082961306595e-05 5.338838767287337446e-05 8.485971258574660303e-05 2.224167278156701920e-04 1.984170961733409055e-04 6.264077594346870875e-05 1.299790602065237199e-05 7.375645802685580922e-06 6.829270283980550145e-04 2.472091092959775123e-04 4.377095901472279537e-04 1.310276941795127591e-04 2.298797866001473216e-04 2.114572279134364807e-05 5.608028772142647573e-05 1.052826552021271988e-04 1.333770084691434168e-04 2.255653625104953898e-04 2.001145081505102110e-04 2.388914451169020469e-06 0.000000000000000000e+00 0.000000000000000000e+00 0.000000000000000000e+00 0.000000000000000000e+00 0.000000000000000000e+00 0.000000000000000000e+00 0.000000000000000000e+00 0.000000000000000000e+00 0.000000000000000000e+00 0.000000000000000000e+00 0.000000000000000000e+00 0.000000000000000000e+00 0.000000000000000000e+00 0.000000000000000000e+00 0.000000000000000000e+00 0.000000000000000000e+00
0.000000000000000000e+00 0.000000000000000000e+00 0.000000000000000000e+00 0.000000000000000000e+00 0.000000000000000000e+00 4.122056004880068883e-06 6.477229560612499603e-05 1.976552565551515305e-04 1.300687874419824170e-04 2.853961418095590395e-04 2.315951712629596459e-04 1.683760800011582066e-04 3.228714219280133806e-04 4.275530350746127063e-03 7.605169598052236696e-05 5.158118135731498878e-05 9.266232296473634982e-05 2.167245204409932330e-04 7.915563219041336473e-05 5.765752361556662992e-05 2.001804892438467878e-05 1.792338161549723302e-05 2.382833651035255870e-04 4.377940841701940383e-05 2.237323774761275906e-04 9.333152502988290987e-05 9.751158867411907605e-05 6.466008577194022738e-06 3.226810946191247193e-05 4.421464070961427032e-05 1.822378300907155624e-04 1.489615868609022939e-04 4.856868979486374547e-05 0.000000000000000000e+00 0.000000000000000000e+00 0.000000000000000000e+00 0.000000000000000000e+00 0.000000000000000000e+00 0.000000000000000000e+00 0.000000000000000000e+00 0.000000000000000000e+00 0.000000000000000000e+00 0.000000000000000000e+00 0.000000000000000000e+00 0.000000000000000000e+00 0.000000000000000000e+00 0.000000000000000000e+00 0.000000000000000000e+00 0.000000000000000000e+00 0.000000000000000000e+00
0.000000000000000000e+00 0.000000000000000000e+00 0.000000000000000000e+00 0.000000000000000000e+00 0.000000000000000000e+00 1.755764796863011404e-07 9.388058360786252078e-07 6.266213933617887017e-05 5.827158538279925956e-05 5.980674868339465468e-05 4.009995895402725303e-05 2.012573394092207683e-05 2.610723082961306595e-05 7.605169598052236696e-05 1.163836476787902252e-03 2.331816319885917719e-05 2.706641052756332723e-05 1.731253565904280502e-04 6.085471276092554104e-05 2.096050059438122384e-05 1.452547533661074420e-05 4.813794763490610940e-06 7.878211636273543871e-05 2.191828133505113074e-05 5.145985251740024390e-05 9.663713426603511513e-06 1.992987800254332167e-05 1.069540817718676953e-05 1.892931986221323506e-05 1.400626318840333668e-05 2.039893412682518793e-05 6.938350355487303415e-05 2.221389656011481728e-06 0.000000000000000000e+00 0.000000000000000000e+00 0.000000000000000000e+00 0.000000000000000000e+00 0.000000000000000000e+00 0.000000000000000000e+00 0.000000000000000000e+00 0.000000000000000000e+00 0.000000000000000000e+00 0.000000000000000000e+00 0.000000000000000000e+00 0.000000000000000000e+00 0.000000000000000000e+00 0.000000000000000000e+00 0.000000000000000000e+00 0.000000000000000000e+00 0.000000000000000000e+00
0.000000000000000000e+00 0.000000000000000000e+00 0.000000000000000000e+00 0.000000000000000000e+00 0.000000000000000000e+00 3.167517901879994480e-07 1.955850614864084552e-06 6.961478407726671058e-05 2.061664189319375659e-05 2.278680404011299116e-05 2.249526098658915222e-05 1.109053756836878868e-05 5.338838767287337446e-05 5.158118135731498878e-05 2.331816319885917719e-05 4.036562126621082050e-04 0.000000000000000000e+00 7.080907168513155090e-05 2.631768151803083085e-05 7.071316674942889005e-08 1.576551631192995457e-06 5.189588026511216376e-06 2.225214178409261109e-05 1.028521981213852852e-05 1.427633550528720637e-05 1.261304963619839993e-05 1.798827919381541958e-06 6.353288255815761416e-06 3.908130413475288827e-06 3.636487660072827002e-06 8.001197585796243760e-06 2.257797858761690597e-05 0.000000000000000000e+00 0.000000000000000000e+00 0.000000000000000000e+00 0.000000000000000000e+00 0.000000000000000000e+00 0.000000000000000000e+00 0.000000000000000000e+00 0.000000000000000000e+00 0.000000000000000000e+00 0.000000000000000000e+00 0.000000000000000000e+00 0.000000000000000000e+00 0.000000000000000000e+00 0.000000000000000000e+00 0.000000000000000000e+00 0.000000000000000000e+00 0.000000000000000000e+00 0.000000000000000000e+00
0.000000000000000000e+00 5.479527260231238094e-07 6.779243530769249245e-07 1.981654203697943303e-06 2.743571721833290783e-06 3.144047814241063103e-05 6.858055600370878283e-05 7.593374128156780555e-05 5.324712825247750642e-05 8.263307681484066832e-05 8.208064981558466935e-05 9.779346857794333678e-05 8.485971258574660303e-05 9.266232296473634982e-05 2.706641052756332723e-05 0.000000000000000000e+00 8.374097023395638993e-04 1.859959134085748502e-06 6.811097513833455175e-05 6.699998552090999685e-05 3.335899403169444199e-05 0.000000000000000000e+00 1.121660097138578747e-04 4.840188266766128517e-05 5.797828330597261414e-05 2.973269575846903265e-05 3.671859166636762956e-05 6.737557225851555925e-06 1.028047605840950681e-05 1.331043146245229999e-05 1.486097964332937856e-05 1.694210675434996660e-05 8.891309231481987188e-06 8.910692292390183909e-09 0.000000000000000000e+00 0.000000000000000000e+00 0.000000000000000000e+00 0.000000000000000000e+00 0.000000000000000000e+00 0.000000000000000000e+00 0.000000000000000000e+00 0.000000000000000000e+00 0.000000000000000000e+00 0.000000000000000000e+00 0.000000000000000000e+00 0.000000000000000000e+00 0.000000000000000000e+00 0.000000000000000000e+00 0.000000000000000000e+00 0.000000000000000000e+00
0.000000000000000000e+00 1.144527226187184042e-05 1.330952099744001503e-05 3.049556230809294657e-05 5.857063945069839578e-05 7.601486112561757079e-05 9.218042349334019687e-05 1.653952715478820650e-04 1.147044676002722554e-04 1.780267539281251907e-04 1.667634838239395734e-04 1.395096592736611170e-04 2.224167278156702191e-04 2.167245204409932330e-04 1.731253565904280502e-04 7.080907168513155090e-05 1.859959134085748502e-06 5.268639553955554479e-04 2.473517634718304988e-04 1.314162786507443008e-04 1.313485804275349623e-06 6.982704017302021600e-07 1.602400511494206337e-04 8.497414600706776756e-05 8.394375181066856260e-05 7.206009746213067611e-05 8.775935672196725698e-05 1.719625389714990614e-05 2.613896024543725498e-05 2.348386352637467210e-05 3.345260517628620379e-05 2.143820195291405473e-05 4.911446125447216908e-06 1.216396963200215462e-07 0.000000000000000000e+00 0.000000000000000000e+00 0.000000000000000000e+00 0.000000000000000000e+00 0.000000000000000000e+00 0.000000000000000000e+00 0.000000000000000000e+00 0.000000000000000000e+00 0.000000000000000000e+00 0.000000000000000000e+00 0.000000000000000000e+00 0.000000000000000000e+00 0.000000000000000000e+00 0.000000000000000000e+00 0.000000000000000000e+00 0.000000000000000000e+00
0.000000000000000000e+00 0.000000000000000000e+00 6.082183703588136312e-07 9.749350446859200803e-06 2.782600148592672207e-05 3.652887812894206544e-05 7.241160035608852738e-05 1.895965360380380863e-04 8.989366455799698539e-05 2.125746999870013201e-04 1.415991177488172721e-04 1.695588690904944681e-04 1.984170961733409055e-04 7.915563219041336473e-05 6.085471276092554104e-05 2.631768151803083085e-05 6.811097513833455175e-05 2.473517634718305530e-04 4.641255881300077675e-04 2.117715136477691773e-06 3.040489320885948981e-07 1.106118795585583500e-07 1.646991353341001037e-04 1.055221528378221343e-04 8.045351181114905527e-05 2.920892347991119921e-05 9.993575560591126618e-05 1.074145708088311289e-05 1.412850410037257884e-05 1.481273708277313453e-05 1.252088780993624159e-05 1.808343518042941826e-05 1.065005803141330106e-05 3.507400471275003634e-07 0.000000000000000000e+00 0.000000000000000000e+00 0.000000000000000000e+00 0.000000000000000000e+00 0.000000000000000000e+00 0.000000000000000000e+00 0.000000000000000000e+00 0.000000000000000000e+00 0.000000000000000000e+00 0.000000000000000000e+00 0.000000000000000000e+00 0.000000000000000000e+00 0.000000000000000000e+00 0.000000000000000000e+00 0.000000000000000000e+00 0.000000000000000000e+00
0.000000000000000000e+00 6.017741338265072001e-07 6.372264447110347274e-07 2.019106844868575237e-06 3.189967938148897706e-06 3.452991994466788196e-05 4.473475578594915365e-05 5.478748807281199978e-05 4.228081138916357546e-05 1.221692212768210736e-04 1.311261487566024318e-04 6.843638901697270810e-05 6.264077594346870875e-05 5.765752361556662992e-05 2.096050059438122384e-05 7.071316674942889005e-08 6.699998552090999685e-05 1.314162786507443008e-04 2.117715136477691773e-06 4.750498241727835256e-04 6.093387449011065501e-08 3.306798414593581213e-09 4.083059326675837904e-05 1.063458261864238662e-04 6.079023028042665732e-05 5.066065863631930477e-05 2.376651242380036489e-05 1.366718802721869466e-05 6.838611378215483096e-06 4.106657770834796622e-06 7.226428458722899067e-06 5.457890061598173107e-06 5.027859048678315273e-06 3.009113609739227933e-07 0.000000000000000000e+00 0.000000000000000000e+00 0.000000000000000000e+00 0.000000000000000000e+00 0.000000000000000000e+00 0.000000000000000000e+00 0.000000000000000000e+00 0.000000000000000000e+00 0.000000000000000000e+00 0.000000000000000000e+00 0.000000000000000000e+00 0.000000000000000000e+00 0.000000000000000000e+00 0.000000000000000000e+00 0.000000000000000000e+00 0.000000000000000000e+00
0.000000000000000000e+00 0.000000000000000000e+00 0.000000000000000000e+00 0.000000000000000000e+00 0.000000000000000000e+00 0.000000000000000000e+00 1.983837056470902336e-05 2.728100010948227309e-05 1.228837786435610039e-05 1.132490393595236082e-05 3.583777304984404389e-05 2.630476678187253860e-05 1.299790602065237199e-05 2.001804892438467878e-05 1.452547533661074420e-05 1.576551631192995457e-06 3.335899403169444199e-05 1.313485804275349623e-06 3.040489320885948981e-07 6.093387449011065501e-08 4.483246312710982735e-04 0.000000000000000000e+00 1.056606898083167546e-05 2.700085925194194955e-05 5.042257589252472765e-05 2.020145246661265786e-05 8.156117599558715352e-06 3.400767139124419097e-09 6.817375425839188838e-06 3.964487131019487602e-06 2.277073363537897914e-06 7.449325441858377518e-06 2.649507098477674828e-06 0.000000000000000000e+00 0.000000000000000000e+00 0.000000000000000000e+00 0.000000000000000000e+00 0.000000000000000000e+00 0.000000000000000000e+00 0.000000000000000000e+00 0.000000000000000000e+00 0.000000000000000000e+00 0.000000000000000000e+00 0.000000000000000000e+00 0.000000000000000000e+00 0.000000000000000000e+00 0.000000000000000000e+00 0.000000000000000000e+00 0.000000000000000000e+00 0.000000000000000000e+00
0.000000000000000000e+00 0.000000000000000000e+00 0.000000000000000000e+00 0.000000000000000000e+00 0.000000000000000000e+00 0.000000000000000000e+00 0.000000000000000000e+00 1.370445316771543439e-05 5.027240604783108460e-06 5.928777345706036874e-06 6.936137849466378818e-06 6.207081728858262950e-06 7.375645802685580922e-06 1.792338161549723302e-05 4.813794763490610940e-06 5.189588026511216376e-06 0.000000000000000000e+00 6.982704017302021600e-07 1.106118795585583500e-07 3.306798414593581213e-09 0.000000000000000000e+00 2.815753625523592825e-04 1.023230296956216129e-06 1.679028147188390367e-05 2.742781329276921745e-05 4.784377099015672150e-06 1.110292880816997572e-06 9.600373541078191377e-07 2.280885440603680977e-06 7.524802812322687549e-07 4.395810167129845859e-07 1.069421277969468466e-05 0.000000000000000000e+00 0.000000000000000000e+00 0.000000000000000000e+00 0.000000000000000000e+00 0.000000000000000000e+00 0.000000000000000000e+00 0.000000000000000000e+00 0.000000000000000000e+00 0.000000000000000000e+00 0.000000000000000000e+00 0.000000000000000000e+00 0.000000000000000000e+00 0.000000000000000000e+00 0.000000000000000000e+00 0.000000000000000000e+00 0.000000000000000000e+00 0.000000000000000000e+00 0.000000000000000000e+00
0.000000000000000000e+00 8.098683383881900260e-36 8.620750276181016341e-09 3.945142300511050996e-09 2.288417140833460834e-05 7.624724226485687451e-05 2.042486843889600276e-04 5.471410056850389315e-04 1.786565117180339592e-04 8.981742361553046857e-04 1.205806369822894986e-03 1.070331708367200504e-03 6.829270283980550145e-04 2.382833651035255870e-04 7.878211636273543871e-05 2.225214178409261109e-05 1.121660097138578747e-04 1.602400511494206337e-04 1.646991353341001037e-04 4.083059326675837904e-05 1.056606898083167546e-05 1.023230296956216129e-06 8.422649248201693507e-05 4.842933673518480710e-05 3.419003509507008085e-04 1.127657486275609523e-04 1.793706970929554746e-04 1.013792838521254859e-04 2.713150756599813185e-04 2.853804621993531808e-04 3.231483087282184898e-04 4.423223506770947145e-04 2.332137417971414718e-04 7.902392858357111487e-08 0.000000000000000000e+00 0.000000000000000000e+00 0.000000000000000000e+00 0.000000000000000000e+00 0.000000000000000000e+00 0.000000000000000000e+00 0.000000000000000000e+00 0.000000000000000000e+00 0.000000000000000000e+00 0.000000000000000000e+00 0.000000000000000000e+00 0.000000000000000000e+00 0.000000000000000000e+00 0.000000000000000000e+00 0.000000000000000000e+00 0.000000000000000000e+00
0.000000000000000000e+00 2.942173613874626598e-06 1.284402430966864882e-06 1.676119404646955391e-05 1.911014261238029089e-05 3.788266424389011034e-05 5.861575117179861191e-05 2.428437981533334840e-04 8.913699360684431187e-05 3.033341356730188195e-04 6.333870075552129782e-04 6.043914682803066965e-04 2.472091092959775123e-04 4.377940841701940383e-05 2.191828133505113074e-05 1.028521981213852852e-05 4.840188266766128517e-05 8.497414600706776756e-05 1.055221528378221343e-04 1.063458261864238662e-04 2.700085925194194955e-05 1.679028147188390367e-05 4.842933673518480710e-05 1.367235111359724133e-04 4.233241305813720105e-05 1.499030374095964585e-05 6.232717715650466382e-05 3.037549213148456415e-04 2.139314273577938965e-04 7.445105095545432932e-06 2.777620799471129434e-05 1.231130266699474989e-04 2.859630812853710389e-04 8.532386822611948108e-05 0.000000000000000000e+00 0.000000000000000000e+00 0.000000000000000000e+00 0.000000000000000000e+00 0.000000000000000000e+00 0.000000000000000000e+00 0.000000000000000000e+00 0.000000000000000000e+00 0.000000000000000000e+00 0.000000000000000000e+00 0.000000000000000000e+00 0.000000000000000000e+00 0.000000000000000000e+00 0.000000000000000000e+00 0.000000000000000000e+00 0.000000000000000000e+00
0.000000000000000000e+00 1.971684054629757905e-07 3.083790361934001731e-06 8.520824288265090634e-06 1.503732805469417010e-05 2.923777539139710093e-05 1.050135114606492157e-04 3.224566459610252200e-04 1.133055452486838769e-04 3.222725901866759185e-04 5.577371035717606411e-04 4.583963410499042671e-04 4.377095901472279537e-04 2.237323774761276177e-04 5.145985251740024390e-05 1.427633550528720637e-05 5.797828330597261414e-05 8.394375181066856260e-05 8.045351181114905527e-05 6.079023028042665732e-05 5.042257589252472765e-05 2.742781329276921745e-05 3.419003509507008085e-04 4.233241305813720105e-05 2.243382332260624378e-04 7.002563365973742799e-05 2.120239761615760096e-04 2.361283533138482977e-05 1.472421377261991899e-04 1.862229858454981656e-04 5.443739474104214774e-05 2.220362306627598071e-04 1.571339364576912869e-04 4.815935552571892216e-05 0.000000000000000000e+00 0.000000000000000000e+00 0.000000000000000000e+00 0.000000000000000000e+00 0.000000000000000000e+00 0.000000000000000000e+00 0.000000000000000000e+00 0.000000000000000000e+00 0.000000000000000000e+00 0.000000000000000000e+00 0.000000000000000000e+00 0.000000000000000000e+00 0.000000000000000000e+00 0.000000000000000000e+00 0.000000000000000000e+00 0.000000000000000000e+00
0.000000000000000000e+00 1.393622793219209243e-05 8.532716777094406731e-06 1.573326489436945641e-06 1.063772990342378538e-05 1.056854242972946242e-05 3.381028302457213849e-05 1.058240112426752700e-04 4.662603309929955696e-05 2.910554540585896344e-04 1.137790362857463492e-04 5.470815989598005422e-05 1.310276941795127863e-04 9.333152502988290987e-05 9.663713426603511513e-06 1.261304963619839993e-05 2.973269575846903265e-05 7.206009746213067611e-05 2.920892347991119921e-05 5.066065863631930477e-05 2.020145246661265786e-05 4.784377099015672150e-06 1.127657486275609523e-04 1.499030374095964585e-05 7.002563365973742799e-05 1.024468902756235276e-04 3.083226565229534673e-05 2.327839090859637750e-06 5.030287750397699510e-06 6.737914930774145650e-05 2.023587175349080664e-04 9.275758004234661229e-05 7.267287189521670521e-06 3.491964707732889505e-06 0.000000000000000000e+00 0.000000000000000000e+00 0.000000000000000000e+00 0.000000000000000000e+00 0.000000000000000000e+00 0.000000000000000000e+00 0.000000000000000000e+00 0.000000000000000000e+00 0.000000000000000000e+00 0.000000000000000000e+00 0.000000000000000000e+00 0.000000000000000000e+00 0.000000000000000000e+00 0.000000000000000000e+00 0.000000000000000000e+00 0.000000000000000000e+00
0.000000000000000000e+00 4.220062979516191500e-34 5.638101977556051017e-06 4.117738667063397702e-05 4.842861129757086269e-05 7.501354357578398865e-05 1.118686128738276633e-04 1.871185650106916957e-04 2.210228676501267123e-04 4.560065512222993161e-04 5.460163740933023134e-04 2.241897751522822237e-04 2.298797866001473216e-04 9.751158867411907605e-05 1.992987800254332167e-05 1.798827919381541958e-06 3.671859166636762956e-05 8.775935672196725698e-05 9.993575560591126618e-05 2.376651242380036489e-05 8.156117599558715352e-06 1.110292880816997572e-06 1.793706970929554746e-04 6.232717715650466382e-05 2.120239761615760096e-04 3.083226565229534673e-05 1.716962104606620991e-04 4.535186906293208019e-06 2.611297729029500559e-05 3.681572420719460579e-05 7.101413532958528760e-05 1.756737010160732576e-04 1.364060704412441952e-04 1.242242853339064812e-05 0.000000000000000000e+00 0.000000000000000000e+00 0.000000000000000000e+00 0.000000000000000000e+00 0.000000000000000000e+00 0.000000000000000000e+00 0.000000000000000000e+00 0.000000000000000000e+00 0.000000000000000000e+00 0.000000000000000000e+00 0.000000000000000000e+00 0.000000000000000000e+00 0.000000000000000000e+00 0.000000000000000000e+00 0.000000000000000000e+00 0.000000000000000000e+00
0.000000000000000000e+00 3.324422934132528748e-06 3.970066055533677036e-06 8.985746433395895135e-06 9.549782002983682406e-06 5.246821009562705773e-06 7.591267762850011336e-06 6.218780894276966910e-05 8.713544404035977785e-05 2.118713802695028217e-04 1.296131813952477747e-04 1.828662302982632550e-05 2.114572279134364807e-05 6.466008577194022738e-06 1.069540817718676953e-05 6.353288255815761416e-06 6.737557225851555925e-06 1.719625389714990614e-05 1.074145708088311289e-05 1.366718802721869466e-05 3.400767139124419097e-09 9.600373541078191377e-07 1.013792838521254859e-04 3.037549213148456415e-04 2.361283533138482977e-05 2.327839090859637750e-06 4.535186906293208019e-06 1.824923591045781324e-04 3.283534926041941733e-08 1.543046901748081829e-08 4.416355273432108392e-06 3.634624647694080697e-05 5.870106834565169965e-06 5.775448419960307715e-06 0.000000000000000000e+00 0.000000000000000000e+00 0.000000000000000000e+00 0.000000000000000000e+00 0.000000000000000000e+00 0.000000000000000000e+00 0.000000000000000000e+00 0.000000000000000000e+00 0.000000000000000000e+00 0.000000000000000000e+00 0.000000000000000000e+00 0.000000000000000000e+00 0.000000000000000000e+00 0.000000000000000000e+00 0.000000000000000000e+00 0.000000000000000000e+00
0.000000000000000000e+00 0.000000000000000000e+00 0.000000000000000000e+00 1.016409947954693609e-05 3.076932505017211151e-05 2.560064653878914946e-05 2.145422514188963020e-05 5.369090616690766704e-05 9.496284930826030639e-05 8.336469691592581703e-05 1.142986611027130419e-04 8.636339569076066094e-05 5.608028772142647573e-05 3.226810946191247193e-05 1.892931986221323506e-05 3.908130413475288827e-06 1.028047605840950681e-05 2.613896024543725498e-05 1.412850410037257884e-05 6.838611378215483096e-06 6.817375425839188838e-06 2.280885440603680977e-06 2.713150756599813185e-04 2.139314273577938965e-04 1.472421377261991899e-04 5.030287750397699510e-06 2.611297729029500559e-05 3.283534926041941733e-08 1.750347017574422953e-04 0.000000000000000000e+00 2.480066215792393419e-09 7.909825747464854613e-06 2.178934860134378984e-05 0.000000000000000000e+00 0.000000000000000000e+00 0.000000000000000000e+00 0.000000000000000000e+00 0.000000000000000000e+00 0.000000000000000000e+00 0.000000000000000000e+00 0.000000000000000000e+00 0.000000000000000000e+00 0.000000000000000000e+00 0.000000000000000000e+00 0.000000000000000000e+00 0.000000000000000000e+00 0.000000000000000000e+00 0.000000000000000000e+00 0.000000000000000000e+00 0.000000000000000000e+00
0.000000000000000000e+00 0.000000000000000000e+00 0.000000000000000000e+00 0.000000000000000000e+00 0.000000000000000000e+00 3.622848688627652126e-05 4.992806310347714239e-05 1.627205730543551763e-04 1.270462386697373647e-04 1.798597066153060763e-04 1.176600726621422079e-04 8.791073076802914123e-05 1.052826552021271988e-04 4.421464070961427032e-05 1.400626318840333668e-05 3.636487660072827002e-06 1.331043146245229999e-05 2.348386352637467210e-05 1.481273708277313453e-05 4.106657770834796622e-06 3.964487131019487602e-06 7.524802812322687549e-07 2.853804621993531808e-04 7.445105095545432932e-06 1.862229858454981656e-04 6.737914930774145650e-05 3.681572420719460579e-05 1.543046901748081829e-08 0.000000000000000000e+00 4.891803430495331590e-05 2.864163809265483147e-07 1.541054663854373932e-05 1.232159421354572552e-06 0.000000000000000000e+00 0.000000000000000000e+00 0.000000000000000000e+00 0.000000000000000000e+00 0.000000000000000000e+00 0.000000000000000000e+00 0.000000000000000000e+00 0.000000000000000000e+00 0.000000000000000000e+00 0.000000000000000000e+00 0.000000000000000000e+00 0.000000000000000000e+00 0.000000000000000000e+00 0.000000000000000000e+00 0.000000000000000000e+00 0.000000000000000000e+00 0.000000000000000000e+00
0.000000000000000000e+00 0.000000000000000000e+00 0.000000000000000000e+00 0.000000000000000000e+00 0.000000000000000000e+00 0.000000000000000000e+00 1.320035055954398668e-04 3.714559521569769885e-04 1.786673979870669429e-04 4.553464233177174415e-04 1.613304978463909588e-04 1.702318861594938652e-04 1.333770084691434168e-04 1.822378300907155624e-04 2.039893412682518793e-05 8.001197585796243760e-06 1.486097964332937856e-05 3.345260517628620379e-05 1.252088780993624159e-05 7.226428458722899067e-06 2.277073363537897914e-06 4.395810167129845859e-07 3.231483087282185441e-04 2.777620799471129434e-05 5.443739474104214774e-05 2.023587175349080935e-04 7.101413532958528760e-05 4.416355273432108392e-06 2.480066215792393419e-09 2.864163809265483147e-07 2.903624336527417567e-05 6.654848829187439495e-07 0.000000000000000000e+00 0.000000000000000000e+00 0.000000000000000000e+00 0.000000000000000000e+00 0.000000000000000000e+00 0.000000000000000000e+00 0.000000000000000000e+00 0.000000000000000000e+00 0.000000000000000000e+00 0.000000000000000000e+00 0.000000000000000000e+00 0.000000000000000000e+00 0.000000000000000000e+00 0.000000000000000000e+00 0.000000000000000000e+00 0.000000000000000000e+00 0.000000000000000000e+00 0.000000000000000000e+00
0.000000000000000000e+00 0.000000000000000000e+00 0.000000000000000000e+00 0.000000000000000000e+00 0.000000000000000000e+00 7.249409370426427874e-05 2.097445947486582167e-04 4.098236031898268316e-04 2.392478638729061741e-04 3.803810538255649929e-04 4.694381445657588056e-04 3.676233989614028958e-04 2.255653625104953898e-04 1.489615868609022939e-04 6.938350355487303415e-05 2.257797858761690597e-05 1.694210675434996660e-05 2.143820195291405473e-05 1.808343518042941826e-05 5.457890061598173107e-06 7.449325441858377518e-06 1.069421277969468466e-05 4.423223506770947145e-04 1.231130266699474989e-04 2.220362306627598071e-04 9.275758004234661229e-05 1.756737010160732576e-04 3.634624647694080697e-05 7.909825747464854613e-06 1.541054663854373932e-05 6.654848829187439495e-07 6.222934252684919978e-05 0.000000000000000000e+00 0.000000000000000000e+00 0.000000000000000000e+00 0.000000000000000000e+00 0.000000000000000000e+00 0.000000000000000000e+00 0.000000000000000000e+00 0.000000000000000000e+00 0.000000000000000000e+00 0.000000000000000000e+00 0.000000000000000000e+00 0.000000000000000000e+00 0.000000000000000000e+00 0.000000000000000000e+00 0.000000000000000000e+00 0.000000000000000000e+00 0.000000000000000000e+00 0.000000000000000000e+00
